-2.203 -4.893
1.699 -6.660
-2.998 -4.630
-3.838 -3.990
-2.730 -8.595
-2.117 -5.641
-5.265 -4.083
-0.741 6.225
-2.072 4.013
-1.046 -4.992
-2.198 7.132
-4.720 -4.205
-3.516 -4.615
-4.361 10.258
-0.859 -0.899
0.075 -1.077
-0.425 -0.830
-0.860 6.766
-3.087 6.393
-1.573 6.640
-2.245 6.397
-5.560 8.699
-3.065 -3.274
-1.465 4.737
0.468 1.736
-3.335 -0.967
-0.853 0.023
-3.017 7.032
-3.675 -5.720
-3.335 -3.866
-1.340 -0.452
-0.921 4.588
-1.350 -3.078
-1.939 -5.169
0.052 0.867
-3.697 -5.145
-1.059 -4.639
-1.521 -5.947
-1.525 9.571
-1.187 -5.677
-0.489 -6.645
-3.499 -4.443
-7.166 -5.790
-0.348 -1.353
-4.065 -5.263
-5.286 -4.801
4.243 -0.347
1.154 0.173
-1.958 -4.801
-1.545 -7.323
-2.230 -4.265
-4.742 -2.257
-1.360 4.705
-0.241 -0.878
5.989 -0.805
4.685 -1.209
-1.898 -8.872
0.653 -7.926
-1.880 -5.494
3.922 -1.626
6.324 0.018
0.271 -0.801
-3.294 -3.569
0.930 -0.175
2.989 1.442
-3.713 -7.741
0.935 3.399
-1.462 -0.683
-2.443 6.915
-0.852 1.823
-3.791 5.552
-0.079 -2.781
-4.240 5.512
0.061 -10.050
-4.453 -2.133
-0.055 -0.264
-1.294 -5.556
-1.299 1.276
0.650 -5.422
0.045 2.340
-2.553 -5.376
-1.271 -2.089
1.593 -0.259
-1.383 -8.149
-2.624 -6.595
-4.014 -0.748
-3.585 -5.622
0.366 1.298
-1.038 0.591
-3.113 7.528
-1.449 -2.109
-0.986 -5.578
-0.947 0.244
0.803 -6.789
-0.942 -4.817
6.221 -0.375
2.693 -9.262
-0.366 0.938
-2.550 8.091
-0.496 -0.075
-1.976 -1.651
-0.619 -3.744
-3.316 -2.499
-2.658 9.130
7.848 1.048
-2.813 -6.585
-2.287 -5.724
-1.281 -5.543
4.489 1.048
-4.422 8.794
-2.812 -3.186
-0.899 4.927
-1.118 -4.904
-3.599 -3.965
-2.562 7.384
-2.397 -4.670
-4.740 7.672
-0.888 -3.452
-3.640 7.653
-1.544 -4.717
-0.918 -9.241
-2.099 -4.457
-4.517 10.993
-1.677 -1.760
-3.581 -6.427
-1.551 -8.737
0.215 0.097
0.031 -4.160
-2.835 -7.077
1.425 -7.808
-4.091 -6.641
0.235 -6.836
-0.754 0.138
-2.414 -6.316
-0.492 -3.211
-0.029 -4.000
-1.195 -9.061
1.339 -5.439
-0.784 -3.010
0.867 -5.037
-2.339 5.484
-1.934 -6.849
-3.440 -6.444
-3.237 8.975
1.809 3.771
-4.697 -1.417
-0.301 -0.661
-2.682 4.636
-1.555 -5.334
-2.851 7.544
0.067 0.016
-2.569 7.394
3.541 -2.481
-2.123 -8.025
0.088 0.939
-2.079 4.521
-4.305 8.528
-2.803 -5.417
-0.806 -7.500
-0.401 -0.800
-4.086 -6.156
-0.645 -5.329
-3.758 -4.923
-5.485 7.579
0.260 4.436
-1.890 6.067
0.348 0.663
-4.209 -4.348
1.158 -7.728
4.199 -0.777
-1.462 -4.052
1.267 0.499
4.912 1.498
0.704 -1.496
0.831 7.205
4.762 0.344
0.649 -6.229
-1.892 8.076
-4.030 -5.629
0.921 0.461
6.306 0.491
-2.578 -9.088
-4.292 -4.154
6.166 1.234
-3.194 6.677
-1.566 -4.974
0.809 -5.600
-4.962 -6.760
1.038 -8.493
-0.471 -6.071
-2.340 -5.177
6.727 0.627
4.953 -1.898
-2.687 7.679
-1.522 -2.165
-1.890 -4.396
7.331 -0.733
-2.912 -1.652
0.936 0.678
-0.335 -4.841
1.263 -5.252
-1.520 -4.816
-1.614 -7.601
6.090 0.385
1.822 -0.076
0.421 0.247
-3.251 -2.471
1.810 -6.270
-2.601 -5.564
-5.870 8.816
-2.619 8.528
6.358 0.169
-2.554 -2.415
-2.347 -5.978
1.393 1.038
-2.972 5.960
-6.024 -2.431
-3.793 -8.617
1.170 -4.644
-4.727 6.193
-0.258 -7.445
-1.034 6.605
-0.927 -4.483
-2.710 8.296
4.358 -0.216
-1.860 7.123
-4.390 -5.294
5.358 -0.321
-0.309 4.336
-2.324 -3.248
-1.339 -5.526
3.930 -0.166
0.078 -4.650
-0.778 1.737
2.954 -2.961
-0.079 -5.141
-3.099 -6.993
2.642 -6.258
-0.932 -4.667
-1.130 -4.127
-1.889 5.535
-0.292 -1.741
-3.561 -3.913
1.045 0.599
-2.681 -7.481
-7.555 -0.731
-3.178 -5.576
5.186 -1.628
-0.350 2.023
-0.989 -4.560
-5.165 0.829
-5.158 11.893
-6.208 11.782
1.236 -7.816
-2.359 7.466
-0.814 -1.449
-4.635 -2.986
-2.170 -6.152
-1.534 6.788
-3.511 -7.079
5.740 -0.288
0.099 1.576
0.502 -0.862
-2.756 5.185
1.217 -7.247
-2.686 7.296
-1.681 -9.294
-4.893 -5.028
0.319 -0.138
-3.914 -7.263
-3.609 6.646
-2.222 5.865
-0.795 -6.664
-3.388 6.690
3.894 0.212
-4.234 7.017
-3.111 4.856
-3.493 6.144
-2.776 -4.876
-4.213 7.519
0.617 -5.906
-1.263 6.311
-0.452 -7.160
0.105 0.134
-3.225 -6.362
-1.490 1.496
-4.475 10.400
-2.935 -6.541
-0.755 -6.755
-0.863 -6.082
-1.039 -7.384
0.831 0.488
-4.395 12.565
5.764 3.187
1.201 -6.444
4.417 -0.786
-1.830 -0.696
-2.626 9.341
-4.172 9.380
-4.900 7.398
-3.694 8.151
-2.306 8.138
-0.458 -4.981
0.390 1.589
-3.022 -3.010
2.443 -0.775
-0.483 0.003
1.040 0.165
-0.230 -2.422
0.389 1.171
-3.495 7.352
-0.523 1.043
0.414 -0.507
0.155 1.042
-2.079 -7.005
5.187 -2.332
-0.462 -6.401
-2.939 -2.821
-5.070 11.871
-2.960 -5.807
0.042 -4.148
2.451 -0.211
-0.120 -1.479
-2.664 -6.328
-2.898 -8.440
1.321 -9.110
-7.604 -5.721
-3.208 -7.067
0.197 -6.009
-1.949 -3.711
5.404 1.401
-4.683 7.304
0.666 -2.535
-4.750 -3.034
-3.728 9.144
-1.773 4.037
-1.187 -2.693
-1.705 -7.187
-0.241 -4.212
-0.915 -3.821
-7.989 -1.169
7.557 1.813
-1.615 -3.635
0.338 0.652
-2.998 5.683
-1.004 -0.998
-4.746 -6.392
1.523 -4.531
-3.250 -5.429
-2.829 5.749
-1.865 -3.380
-0.036 0.336
-0.227 -6.158
-1.430 -5.847
-2.057 -5.676
-3.058 -4.285
-0.867 -5.055
0.499 -0.738
-4.407 -3.325
-1.957 6.314
6.906 2.065
1.065 3.651
-3.998 -5.934
-3.131 -3.614
-6.273 11.681
-2.479 -5.372
-4.159 -4.543
-1.974 -5.270
-2.486 5.608
-3.792 -3.245
-1.803 -4.642
0.118 -7.876
-4.297 10.116
-4.966 -6.838
6.157 0.870
5.149 -0.038
-2.953 6.807
-0.944 4.798
-2.323 -1.056
-1.945 -0.242
-3.159 9.464
-5.311 -3.595
-5.403 10.225
-4.426 -3.605
-3.428 5.329
-5.456 7.938
-0.360 4.545
6.297 0.579
-0.247 -9.479
-2.806 -2.707
-0.163 -0.086
-2.861 -2.261
-1.405 -5.099
-2.025 7.288
0.213 1.547
-3.091 7.545
-3.286 -4.261
1.176 -7.408
-1.134 0.997
4.790 0.012
-2.090 -4.801
-1.710 4.607
-1.012 0.085
-5.436 6.445
-0.169 6.207
-2.020 -2.345
-4.081 -4.999
5.882 1.532
-0.974 -10.770
-0.968 0.477
-0.356 2.540
-0.147 -4.408
-1.117 -0.035
-1.518 -2.744
6.246 1.888
-3.848 -1.378
-1.380 -0.536
0.431 -0.150
-1.006 -0.822
-5.097 -2.855
-1.088 5.415
-3.607 4.923
-0.174 -0.862
2.458 -2.573
-3.359 -5.766
-1.545 -1.694
-1.470 6.775
-0.724 -1.120
-4.208 10.549
-2.123 -5.916
4.740 0.880
-4.626 -1.120
5.221 -0.154
-1.114 -4.821
-2.688 -5.317
-3.738 -3.031
-3.064 -6.700
-1.668 -2.264
-2.097 -6.270
-1.192 -1.119
-4.904 -3.239
-2.689 8.763
-1.497 5.569
-1.685 0.807
3.819 -1.750
0.297 -7.695
-0.872 6.004
-2.516 7.169
-5.485 5.789
-2.673 7.733
-1.835 -6.811
-2.971 6.838
3.646 0.565
-1.730 0.589
-2.417 8.302
3.578 -0.587
2.342 -4.995
0.101 0.539
-1.828 -0.369
-1.508 5.751
-1.495 -6.000
0.420 -8.795
-5.209 -0.836
2.306 -5.398
5.159 0.885
4.085 -0.248
-1.922 -3.685
-5.116 -5.072
-1.719 4.894
3.595 1.799
-1.924 -6.263
-5.567 10.148
-0.602 -6.094
-4.672 8.193
-4.268 6.321
-3.157 5.312
-1.507 -3.860
-4.273 5.594
-0.632 3.637
-3.320 -4.115
0.599 -0.256
-1.078 -6.157
3.627 1.060
2.977 -2.989
0.142 1.833
-1.289 -6.252
-1.067 -5.505
-4.491 6.561
-1.784 2.933
-0.792 -8.879
-6.242 -7.555
1.934 -6.698
-2.869 9.338
-0.132 -8.584
-0.262 -5.171
-2.683 -4.726
0.560 -7.727
-1.198 -5.281
2.458 -2.253
-1.614 -2.350
0.003 -4.373
-3.631 -0.616
-1.570 -7.293
-3.277 8.743
-1.985 -3.107
-1.326 6.450
-4.301 8.194
0.045 1.859
-5.253 -4.231
-3.168 -3.903
-2.438 1.115
-1.973 -8.956
-2.722 -3.462
-5.183 -3.959
-4.115 -5.502
-1.947 -4.625
4.334 0.001
-0.364 -6.128
0.863 -2.802
-3.650 6.386
-5.328 -4.189
-2.727 -3.097
-1.510 -0.277
-0.063 -7.192
-0.762 -1.447
3.241 -8.303
-4.601 -5.875
-4.174 7.406
0.825 -0.298
-3.846 -7.505
0.022 0.043
1.062 -5.797
-2.198 -7.184
-2.612 -5.739
4.477 -1.437
0.538 -0.142
-2.401 -8.537
-1.013 -4.279
-3.678 -2.336
-5.070 8.492
-0.271 -1.317
-1.621 -1.481
-1.865 -6.035
-1.106 -5.064
-2.958 6.239
1.422 0.456
-3.057 -4.887
-4.124 6.787
-3.281 -7.010
-0.445 -6.128
-2.160 5.229
-0.060 -0.711
-0.561 -5.999
-3.462 -8.037
-1.449 -6.695
-0.016 -0.492
6.349 1.341
-1.106 -6.609
-1.067 -1.634
-4.262 8.229
-5.298 -0.936
-0.398 0.783
-5.613 12.016
-3.541 8.336
-1.698 -5.645
-0.443 2.283
-1.403 -3.246
-3.045 6.831
-3.216 5.054
-2.942 7.837
-2.896 6.456
-0.490 -0.279
6.779 -1.666
-1.920 -5.727
-0.792 5.463
0.970 -10.509
5.650 0.668
-0.891 2.625
-2.310 -4.758
-3.752 9.643
4.521 2.253
0.108 -3.651
-0.881 -7.639
-0.431 0.573
-0.645 -2.644
4.339 -1.384
0.859 -0.810
0.873 1.200
0.456 -0.358
-2.938 7.972
-1.980 -0.303
-4.502 6.390
-3.954 -5.626
-6.358 -4.931
-3.307 -4.407
-2.366 4.404
-0.200 -1.729
-2.417 -1.496
-1.602 -0.874
-1.306 3.064
5.026 1.304
-1.939 -5.099
0.540 -7.344
0.018 0.324
-2.668 -4.826
-0.450 -4.578
-3.617 -6.837
3.884 -0.556
-2.320 -6.676
-3.196 -7.863
-1.164 -5.357
-4.520 -4.120
-0.964 4.226
1.315 -0.323
0.198 0.098
0.803 -5.572
-4.284 -7.063
-5.066 -7.666
-1.908 -7.080
-3.123 5.883
-3.542 -5.528
-0.593 -3.469
-1.258 -7.359
-2.024 7.460
-2.583 5.657
-1.925 6.931
-7.727 11.599
-5.827 -2.336
-2.308 -2.346
-0.098 -0.887
-0.147 1.060
5.037 -0.121
-0.513 -5.033
-2.012 -2.073
-0.642 6.309
-3.434 9.889
1.183 0.719
-1.216 0.141
-3.487 -4.857
-1.520 -4.942
-3.721 9.717
-5.572 10.154
-5.817 9.739
-3.774 -2.544
-1.827 -4.526
-1.018 -0.655
-1.586 -3.886
3.858 -6.427
-1.520 3.235
-1.330 -0.355
-4.395 -1.042
-2.820 -1.776
7.103 1.104
5.710 0.286
-2.183 7.226
-0.124 0.505
1.447 -4.595
0.326 0.125
-4.025 -6.540
-2.510 4.288
-3.533 -1.760
-0.097 1.996
1.627 -0.211
-2.030 -5.233
0.161 -9.142
-1.088 -7.318
-0.858 -2.070
-2.001 -4.199
-1.181 -6.977
1.023 -2.332
-0.596 -5.299
-2.924 -6.040
1.422 -3.086
-0.064 -1.580
-7.295 8.316
-2.261 -1.918
-3.303 -3.496
0.606 -5.572
-0.142 -1.309
-4.405 -3.328
-2.402 -4.607
-2.095 -3.548
-0.785 -0.336
1.792 -7.944
-0.282 -0.589
-1.110 -3.102
-2.996 -5.599
-2.558 -3.685
-4.121 7.184
-2.372 -1.382
-3.171 8.666
0.295 -1.099
-4.801 -3.716
-5.306 -1.645
-1.872 -8.480
-3.932 -5.922
3.907 -2.372
-0.875 -0.684
-3.423 -2.124
-2.841 5.178
-2.669 -6.664
4.576 0.860
0.252 2.286
0.376 -0.914
6.145 1.895
1.094 -1.094
-2.295 -2.483
-1.685 -0.499
-1.427 -0.933
-4.535 10.280
4.668 -1.223
-4.071 -4.024
-3.017 9.318
-1.000 -8.388
4.110 0.866
4.122 1.685
-4.197 -3.061
-3.722 -5.530
0.197 -5.986
-1.766 6.900
-1.857 4.631
-3.336 7.976
-0.849 1.630
-4.179 7.357
-4.013 -8.931
-0.275 4.635
-2.896 -5.134
-0.847 3.753
-1.969 5.511
-3.193 -3.399
-0.024 -6.742
-3.538 -7.002
0.207 -6.948
-5.698 -0.781
-4.740 -2.442
-1.633 -4.503
-3.169 -3.838
-5.336 -2.658
1.557 0.884
2.144 -2.633
-0.188 0.487
-3.162 6.273
0.595 1.164
4.671 0.728
-7.158 -5.329
-0.321 -0.489
-2.495 8.366
-0.987 -6.661
-5.309 9.663
-5.676 -2.408
-2.377 -7.393
-1.425 -5.193
-3.056 6.897
-1.161 -3.295
-1.007 -3.157
-3.067 9.826
-0.858 -6.534
-1.094 0.206
3.152 -2.116
-1.522 -6.456
-4.415 7.987
-1.855 -5.488
-2.755 -2.926
-1.315 -5.701
0.737 4.570
-1.283 4.769
-5.067 7.169
-2.536 -5.888
-0.973 5.296
-2.300 6.403
-2.867 -4.637
7.424 0.271
6.085 -0.714
4.350 -0.321
-2.505 9.179
-2.100 -6.772
-0.700 -6.202
-1.523 -5.404
-5.947 10.051
-2.115 7.936
1.800 -1.195
-0.967 -4.460
-3.636 8.151
-2.242 4.349
0.246 -0.918
4.078 -2.635
-2.947 -5.128
0.550 0.001
-5.085 -2.153
-0.119 0.488
-0.068 -2.584
7.774 1.298
-1.378 -7.509
1.062 -1.185
-5.738 10.448
-3.791 8.919
-1.184 -8.753
1.154 -3.266
-1.967 -7.625
-3.306 -7.697
0.170 0.091
-2.963 -1.698
0.995 -4.764
-5.600 -6.194
-2.383 5.465
-2.974 -2.760
-2.225 8.682
-2.858 -1.779
-3.840 10.194
-2.839 5.405
-5.262 -4.585
-2.512 -2.998
-2.221 -5.853
-1.367 5.407
-0.576 0.575
4.307 0.461
4.156 -0.695
-1.696 -5.899
-2.027 -3.247
-1.179 -4.238
-3.271 -2.762
0.670 1.004
-3.453 -4.897
0.634 -0.609
4.680 2.199
-0.040 6.939
6.327 -0.585
-2.223 5.809
-4.605 7.313
5.164 -0.589
-3.102 -2.947
0.144 0.233
-1.776 -6.518
-4.741 -3.445
-3.769 4.119
-2.785 -7.082
-1.940 7.112
0.497 -0.665
-0.537 -4.792
-2.820 -5.704
-0.215 -6.594
5.429 1.481
1.909 1.664
-1.634 3.407
-3.378 -5.725
-0.493 3.947
-1.228 -5.035
-3.870 -3.575
-1.203 -7.946
0.446 -10.259
-3.896 9.330
-4.387 -3.475
-1.296 -0.093
-6.628 -5.299
-5.340 8.040
-2.830 -6.171
6.128 -0.522
-0.731 -1.927
0.139 -0.858
-4.499 -5.707
-1.931 6.477
-1.579 7.272
-1.718 -4.078
1.710 -3.177
-2.605 -2.686
-2.112 8.293
0.672 -0.974
-5.239 -2.722
-0.115 3.536
-2.376 -7.094
-1.214 1.725
1.799 -1.141
-2.165 -5.973
-2.602 -3.655
-2.828 -7.078
-3.855 -2.497
-3.049 -7.623
-1.796 -3.986
-0.985 5.884
-3.319 -3.557
-0.546 -5.556
-2.089 -4.414
-2.140 -4.419
-4.550 6.172
-4.268 9.039
-1.482 -2.943
-3.283 5.247
0.289 -5.784
1.283 0.598
0.319 4.170
-0.199 -3.678
-3.110 -5.008
-4.923 -7.364
-1.747 -3.386
-0.724 -4.687
-0.274 -6.823
-3.413 8.571
-1.134 -5.731
0.642 -8.623
-3.037 -5.269
-1.762 6.089
-4.523 -3.080
6.538 1.674
0.619 -1.874
-4.365 8.836
-3.083 7.958
-1.266 -0.061
-4.780 -8.277
5.418 1.241
0.246 -0.033
-5.369 10.477
-0.044 1.960
-1.571 2.504
0.755 -1.397
-4.152 7.421
-2.188 -4.088
-4.046 -6.797
-0.799 -5.419
-2.736 3.041
-2.354 -6.791
-3.841 -2.429
-4.191 -6.626
-2.662 -3.821
-4.341 10.108
0.900 -7.828
-3.372 5.939
-5.371 -3.256
0.734 2.012
-4.361 10.298
6.898 1.192
-2.087 7.823
1.974 0.478
-2.120 -6.814
0.305 1.024
-1.511 -6.828
-2.865 6.679
-1.471 -8.728
5.779 1.119
-1.110 -5.297
-5.739 8.991
1.061 -0.860
2.187 -3.293
0.314 0.373
-0.227 -5.694
-5.001 -5.776
-0.362 -5.232
-0.700 -4.492
-2.410 -5.239
1.714 -5.320
-3.195 7.925
5.315 -2.485
-2.014 9.395
3.897 1.229
-2.514 -4.205
6.514 -0.125
0.485 -8.405
-3.750 -5.701
-0.676 -6.160
-5.305 8.332
-4.189 9.134
4.515 -0.156
-2.811 -3.808
-0.184 0.325
-7.187 -3.106
-1.172 -5.695
-0.661 -3.855
0.608 -5.623
-5.828 -8.646
-1.602 -0.038
-3.239 7.650
-3.250 -6.169
5.785 1.196
-3.389 7.222
-1.191 -4.184
-4.735 7.048
3.260 -1.491
-0.375 -4.359
-4.196 -3.190
-1.828 -6.113
-4.813 -4.460
-1.969 2.527
-3.601 11.312
-0.655 -4.881
-3.474 -5.972
-3.126 9.843
-1.069 -7.169
-1.215 5.179
-0.426 4.125
3.581 -0.496
-1.510 7.679
0.159 -0.988
-3.011 -8.990
3.709 -0.864
-1.222 -5.979
-2.114 -5.811
0.751 -0.899
-0.325 -1.349
-2.283 5.566
4.242 1.103
-4.253 -6.308